{"producer":{"name":"Blender","version":"2.76 (sub 0)","exporter_version":"4.5.1","file":"combined.babylon"},
"autoClear":true,"clearColor":[0.0509,0.0509,0.0509],"ambientColor":[0,0,0],"gravity":[0,-9.81,0],
"materials":[{"name":"combined.lambert0.005","id":"combined.lambert0.005","ambient":[0.8,0.8,0.8],"diffuse":[0.64,0.64,0.64],"specular":[0.5,0.5,0.5],"emissive":[0,0,0],"specularPower":50,"alpha":1,"backFaceCulling":true,"checkReadyOnlyOnce":false, 
"diffuseTexture":{"name":"head_texture0.png","level":1,"hasAlpha":1,"coordinatesMode":0,"uOffset":0,"vOffset":0,"uScale":1,"vScale":1,"uAng":0,"vAng":0,"wAng":0,"wrapU":1,"wrapV":1,"coordinatesIndex":0}},
{"name":"combined.lambert0.012","id":"combined.lambert0.012","ambient":[0.8,0.8,0.8],"diffuse":[0.64,0.64,0.64],"specular":[0.5,0.5,0.5],"emissive":[0,0,0],"specularPower":50,"alpha":1,"backFaceCulling":true,"checkReadyOnlyOnce":false, 
"diffuseTexture":{"name":"hand_texture0.png","level":1,"hasAlpha":1,"coordinatesMode":0,"uOffset":0,"vOffset":0,"uScale":1,"vScale":1,"uAng":0,"vAng":0,"wAng":0,"wrapU":1,"wrapV":1,"coordinatesIndex":0}},
{"name":"combined.lambert0.006","id":"combined.lambert0.006","ambient":[0.8,0.8,0.8],"diffuse":[0.64,0.64,0.64],"specular":[0.5,0.5,0.5],"emissive":[0,0,0],"specularPower":50,"alpha":1,"backFaceCulling":true,"checkReadyOnlyOnce":false, 
"diffuseTexture":{"name":"arm_texture0.png","level":1,"hasAlpha":1,"coordinatesMode":0,"uOffset":0,"vOffset":0,"uScale":1,"vScale":1,"uAng":0,"vAng":0,"wAng":0,"wrapU":1,"wrapV":1,"coordinatesIndex":0}},
{"name":"combined.lambert0.011","id":"combined.lambert0.011","ambient":[0.8,0.8,0.8],"diffuse":[0.64,0.64,0.64],"specular":[0.5,0.5,0.5],"emissive":[0,0,0],"specularPower":50,"alpha":1,"backFaceCulling":true,"checkReadyOnlyOnce":false, 
"diffuseTexture":{"name":"bicep_texture0.png","level":1,"hasAlpha":1,"coordinatesMode":0,"uOffset":0,"vOffset":0,"uScale":1,"vScale":1,"uAng":0,"vAng":0,"wAng":0,"wrapU":1,"wrapV":1,"coordinatesIndex":0}},
{"name":"combined.lambert0.007","id":"combined.lambert0.007","ambient":[0.8,0.8,0.8],"diffuse":[0.64,0.64,0.64],"specular":[0.5,0.5,0.5],"emissive":[0,0,0],"specularPower":50,"alpha":1,"backFaceCulling":true,"checkReadyOnlyOnce":false, 
"diffuseTexture":{"name":"shoulder_texture0.png","level":1,"hasAlpha":1,"coordinatesMode":0,"uOffset":0,"vOffset":0,"uScale":1,"vScale":1,"uAng":0,"vAng":0,"wAng":0,"wrapU":1,"wrapV":1,"coordinatesIndex":0}},
{"name":"combined.lambert0.010","id":"combined.lambert0.010","ambient":[0.8,0.8,0.8],"diffuse":[0.64,0.64,0.64],"specular":[0.5,0.5,0.5],"emissive":[0,0,0],"specularPower":50,"alpha":1,"backFaceCulling":true,"checkReadyOnlyOnce":false, 
"diffuseTexture":{"name":"foot_texture0.png","level":1,"hasAlpha":1,"coordinatesMode":0,"uOffset":0,"vOffset":0,"uScale":1,"vScale":1,"uAng":0,"vAng":0,"wAng":0,"wrapU":1,"wrapV":1,"coordinatesIndex":0}},
{"name":"combined.lambert0.009","id":"combined.lambert0.009","ambient":[0.8,0.8,0.8],"diffuse":[0.64,0.64,0.64],"specular":[0.5,0.5,0.5],"emissive":[0,0,0],"specularPower":50,"alpha":1,"backFaceCulling":true,"checkReadyOnlyOnce":false, 
"diffuseTexture":{"name":"knee_texture0.png","level":1,"hasAlpha":1,"coordinatesMode":0,"uOffset":0,"vOffset":0,"uScale":1,"vScale":1,"uAng":0,"vAng":0,"wAng":0,"wrapU":1,"wrapV":1,"coordinatesIndex":0}},
{"name":"combined.lambert0.008","id":"combined.lambert0.008","ambient":[0.8,0.8,0.8],"diffuse":[0.64,0.64,0.64],"specular":[0.5,0.5,0.5],"emissive":[0,0,0],"specularPower":50,"alpha":1,"backFaceCulling":true,"checkReadyOnlyOnce":false, 
"diffuseTexture":{"name":"leg_texture0.png","level":1,"hasAlpha":1,"coordinatesMode":0,"uOffset":0,"vOffset":0,"uScale":1,"vScale":1,"uAng":0,"vAng":0,"wAng":0,"wrapU":1,"wrapV":1,"coordinatesIndex":0}},
{"name":"combined.lambert0.003","id":"combined.lambert0.003","ambient":[0.8,0.8,0.8],"diffuse":[0.64,0.64,0.64],"specular":[0.5,0.5,0.5],"emissive":[0,0,0],"specularPower":50,"alpha":1,"backFaceCulling":true,"checkReadyOnlyOnce":false, 
"diffuseTexture":{"name":"body_texture0.png","level":1,"hasAlpha":1,"coordinatesMode":0,"uOffset":0,"vOffset":0,"uScale":1,"vScale":1,"uAng":0,"vAng":0,"wAng":0,"wrapU":1,"wrapV":1,"coordinatesIndex":0}}],
"multiMaterials":[],
"skeletons":[{"name":"Armature","id":0,"bones":[
{"name":"Bone","index":0,"matrix":[1,0,0,0,0,1,0,0,0,0,-1,0,0,1.8472,0,1],"rest":[1,0,0,0,0,1,0,0,0,0,-1,0,0,1.8472,0,1],"parentBoneIndex":-1,"length":0.6836
,"animation":{"dataType":3,"framePerSecond":24,"keys":[
{"frame":1,"values":[1,0,0,0,0,1,0,0,0,0,-1,0,0,1.8472,0,1]},
{"frame":6,"values":[0.9999,0,-0.0114,0,0,1,0,0,-0.0114,0,-0.9999,0,0,1.8472,0,1]},
{"frame":7,"values":[0.9991,0,-0.0436,0,0,1,0,0,-0.0436,0,-0.9991,0,0,1.8472,0,1]},
{"frame":8,"values":[0.9964,0,-0.0848,0,0,1,0,0,-0.0848,0,-0.9964,0,0,1.8472,0,1]},
{"frame":9,"values":[0.9932,0,-0.1168,0,0,1,0,0,-0.1168,0,-0.9932,0,0,1.8472,0,1]},
{"frame":10,"values":[0.9918,0,-0.1281,0,0,1,0,0,-0.1281,0,-0.9918,0,0,1.8472,0,1]},
{"frame":20,"values":[0.9918,0,-0.1281,0,0,1,0,0,-0.1281,0,-0.9918,0,0,1.8472,0,1]}],"loopBehavior":1,"name":"anim","property":"_matrix"}},
{"name":"Head","index":1,"matrix":[1,0,0,0,0,1,0,0,0,0,1,0,0,0.6836,0,1],"rest":[1,0,0,0,0,1,0,0,0,0,1,0,0,0.6836,0,1],"parentBoneIndex":0,"length":1.4601
,"animation":{"dataType":3,"framePerSecond":24,"keys":[
{"frame":1,"values":[1,0,0,0,0,1,0,0,0,0,1,0,0,0.6836,0,1]},
{"frame":20,"values":[1,0,0,0,0,1,0,0,0,0,1,0,0,0.6836,0,1]}],"loopBehavior":1,"name":"anim","property":"_matrix"}},
{"name":"Bone.002","index":2,"matrix":[0,0,-1,0,0,1,0,0,1,0,0,0,0,0.6836,0,1],"rest":[0,0,-1,0,0,1,0,0,1,0,0,0,0,0.6836,0,1],"parentBoneIndex":0,"length":0.5514
,"animation":{"dataType":3,"framePerSecond":24,"keys":[
{"frame":1,"values":[0,0,-1,0,0,1,0,0,1,0,0,0,0,0.6836,0,1]},
{"frame":20,"values":[0,0,-1,0,0,1,0,0,1,0,0,0,0,0.6836,0,1]}],"loopBehavior":1,"name":"anim","property":"_matrix"}},
{"name":"Bone_L.006","index":3,"matrix":[0,0,-1,0,-1,-0.0077,0,0,-0.0077,1,0,0,0,0.6836,0,1],"rest":[0,0,-1,0,-1,-0.0077,0,0,-0.0077,1,0,0,0,0.6836,0,1],"parentBoneIndex":0,"length":1.137
,"animation":{"dataType":3,"framePerSecond":24,"keys":[
{"frame":1,"values":[0,0,-1,0,-1,-0.0077,0,0,-0.0077,1,0,0,0,0.6836,0,1]},
{"frame":20,"values":[0,0,-1,0,-1,-0.0077,0,0,-0.0077,1,0,0,0,0.6836,0,1]}],"loopBehavior":1,"name":"anim","property":"_matrix"}},
{"name":"Bone_L.007","index":4,"matrix":[1,0,0,0,0,0.0773,-0.997,0,0,0.997,0.0773,0,0,1.137,0,1],"rest":[1,0,0,0,0,0.0773,-0.997,0,0,0.997,0.0773,0,0,1.137,0,1],"parentBoneIndex":3,"length":0.754
,"animation":{"dataType":3,"framePerSecond":24,"keys":[
{"frame":1,"values":[1,0,0,0,0,0.0773,-0.997,0,0,0.997,0.0773,0,0,1.137,0,1]},
{"frame":20,"values":[1,0,0,0,0,0.0773,-0.997,0,0,0.997,0.0773,0,0,1.137,0,1]}],"loopBehavior":1,"name":"anim","property":"_matrix"}},
{"name":"Bone_L.008","index":5,"matrix":[1,0,0,0,0,0.9999,-0.0129,0,0,0.0129,0.9999,0,0,0.754,0,1],"rest":[1,0,0,0,0,0.9999,-0.0129,0,0,0.0129,0.9999,0,0,0.754,0,1],"parentBoneIndex":4,"length":0.7709
,"animation":{"dataType":3,"framePerSecond":24,"keys":[
{"frame":1,"values":[1,0,0,0,0,0.9999,-0.0129,0,0,0.0129,0.9999,0,0,0.754,0,1]},
{"frame":20,"values":[1,0,0,0,0,0.9999,-0.0129,0,0,0.0129,0.9999,0,0,0.754,0,1]}],"loopBehavior":1,"name":"anim","property":"_matrix"}},
{"name":"Bone_L.009","index":6,"matrix":[1,0,0,0,0,0.9994,-0.0359,0,0,0.0359,0.9994,0,0,0.7709,0,1],"rest":[1,0,0,0,0,0.9994,-0.0359,0,0,0.0359,0.9994,0,0,0.7709,0,1],"parentBoneIndex":5,"length":0.4199
,"animation":{"dataType":3,"framePerSecond":24,"keys":[
{"frame":1,"values":[1,0,0,0,0,0.9994,-0.0359,0,0,0.0359,0.9994,0,0,0.7709,0,1]},
{"frame":20,"values":[1,0,0,0,0,0.9994,-0.0359,0,0,0.0359,0.9994,0,0,0.7709,0,1]}],"loopBehavior":1,"name":"anim","property":"_matrix"}},
{"name":"Bone_L.010","index":7,"matrix":[0,1,0.0077,0,-1,0,0,0,0,-0.0077,1,0,0,1.137,0,1],"rest":[0,1,0.0077,0,-1,0,0,0,0,-0.0077,1,0,0,1.137,0,1],"parentBoneIndex":3,"length":0.5981
,"animation":{"dataType":3,"framePerSecond":24,"keys":[
{"frame":1,"values":[0,1,0.0077,0,-1,0,0,0,0,-0.0077,1,0,0,1.137,0,1]},
{"frame":20,"values":[0,1,0.0077,0,-1,0,0,0,0,-0.0077,1,0,0,1.137,0,1]}],"loopBehavior":1,"name":"anim","property":"_matrix"}},
{"name":"Bone_R.006","index":8,"matrix":[0,0,1,0,1,-0.0077,0,0,0.0077,1,0,0,0,0.6836,0,1],"rest":[0,0,1,0,1,-0.0077,0,0,0.0077,1,0,0,0,0.6836,0,1],"parentBoneIndex":0,"length":1.137
,"animation":{"dataType":3,"framePerSecond":24,"keys":[
{"frame":1,"values":[0,0,1,0,1,-0.0077,0,0,0.0077,1,0,0,0,0.6836,0,1]},
{"frame":20,"values":[0,0,1,0,1,-0.0077,0,0,0.0077,1,0,0,0,0.6836,0,1]}],"loopBehavior":1,"name":"anim","property":"_matrix"}},
{"name":"Bone_R.007","index":9,"matrix":[1,0,0,0,0,0.0773,-0.997,0,0,0.997,0.0773,0,0,1.137,0,1],"rest":[1,0,0,0,0,0.0773,-0.997,0,0,0.997,0.0773,0,0,1.137,0,1],"parentBoneIndex":8,"length":0.754
,"animation":{"dataType":3,"framePerSecond":24,"keys":[
{"frame":1,"values":[1,0,0,0,0,0.0773,-0.997,0,0,0.997,0.0773,0,0,1.137,0,1]},
{"frame":20,"values":[1,0,0,0,0,0.0773,-0.997,0,0,0.997,0.0773,0,0,1.137,0,1]}],"loopBehavior":1,"name":"anim","property":"_matrix"}},
{"name":"Bone_R.008","index":10,"matrix":[1,0,0,0,0,0.9999,-0.0129,0,0,0.0129,0.9999,0,0,0.754,0,1],"rest":[1,0,0,0,0,0.9999,-0.0129,0,0,0.0129,0.9999,0,0,0.754,0,1],"parentBoneIndex":9,"length":0.7709
,"animation":{"dataType":3,"framePerSecond":24,"keys":[
{"frame":1,"values":[1,0,0,0,0,0.9999,-0.0129,0,0,0.0129,0.9999,0,0,0.754,0,1]},
{"frame":20,"values":[1,0,0,0,0,0.9999,-0.0129,0,0,0.0129,0.9999,0,0,0.754,0,1]}],"loopBehavior":1,"name":"anim","property":"_matrix"}},
{"name":"Bone_R.009","index":11,"matrix":[1,0,0,0,0,0.9994,-0.0359,0,0,0.0359,0.9994,0,0,0.7709,0,1],"rest":[1,0,0,0,0,0.9994,-0.0359,0,0,0.0359,0.9994,0,0,0.7709,0,1],"parentBoneIndex":10,"length":0.4199
,"animation":{"dataType":3,"framePerSecond":24,"keys":[
{"frame":1,"values":[1,0,0,0,0,0.9994,-0.0359,0,0,0.0359,0.9994,0,0,0.7709,0,1]},
{"frame":20,"values":[1,0,0,0,0,0.9994,-0.0359,0,0,0.0359,0.9994,0,0,0.7709,0,1]}],"loopBehavior":1,"name":"anim","property":"_matrix"}},
{"name":"Bone_R.010","index":12,"matrix":[0,-1,-0.0077,0,1,0,0,0,0,-0.0077,1,0,0,1.137,0,1],"rest":[0,-1,-0.0077,0,1,0,0,0,0,-0.0077,1,0,0,1.137,0,1],"parentBoneIndex":8,"length":0.5981
,"animation":{"dataType":3,"framePerSecond":24,"keys":[
{"frame":1,"values":[0,-1,-0.0077,0,1,0,0,0,0,-0.0077,1,0,0,1.137,0,1]},
{"frame":20,"values":[0,-1,-0.0077,0,1,0,0,0,0,-0.0077,1,0,0,1.137,0,1]}],"loopBehavior":1,"name":"anim","property":"_matrix"}},
{"name":"Bone_L","index":13,"matrix":[1,0,0,0,0,-1,0,0,0,0,-1,0,0,0,0,1],"rest":[1,0,0,0,0,-1,0,0,0,0,-1,0,0,0,0,1],"parentBoneIndex":0,"length":0.3498
,"animation":{"dataType":3,"framePerSecond":24,"keys":[
{"frame":1,"values":[1,0,0,0,0,-1,0,0,0,0,-1,0,0,0,0,1]},
{"frame":20,"values":[1,0,0,0,0,-1,0,0,0,0,-1,0,0,0,0,1]}],"loopBehavior":1,"name":"anim","property":"_matrix"}},
{"name":"Bone_L.001","index":14,"matrix":[0,0,1,0,-0.9991,0.0416,0,0,-0.0416,-0.9991,0,0,0,0.3498,0,1],"rest":[0,0,1,0,-0.9991,0.0416,0,0,-0.0416,-0.9991,0,0,0,0.3498,0,1],"parentBoneIndex":13,"length":0.6303
,"animation":{"dataType":3,"framePerSecond":24,"keys":[
{"frame":1,"values":[0,0,1,0,-0.9991,0.0416,0,0,-0.0416,-0.9991,0,0,0,0.3498,0,1]},
{"frame":20,"values":[0,0,1,0,-0.9991,0.0416,0,0,-0.0416,-0.9991,0,0,0,0.3498,0,1]}],"loopBehavior":1,"name":"anim","property":"_matrix"}},
{"name":"Bone_L.002","index":15,"matrix":[0.0002,-0.9993,-0.0363,0,0.1332,0.036,-0.9904,0,0.9911,-0.0046,0.1332,0,0,0.6303,0,1],"rest":[0,-0.9991,-0.0416,0,0,0.0416,-0.9991,0,1,0,0,0,0,0.6303,0,1],"parentBoneIndex":14,"length":0.4985
,"animation":{"dataType":3,"framePerSecond":24,"keys":[
{"frame":1,"values":[0,-0.9991,-0.0416,0,0,0.0416,-0.9991,0,1,0,0,0,0,0.6303,0,1]},
{"frame":2,"values":[0.0001,-0.9992,-0.0402,0,0.035,0.0401,-0.9986,0,0.9994,-0.0013,0.035,0,0,0.6303,0,1]},
{"frame":3,"values":[0.0002,-0.9993,-0.0363,0,0.1332,0.036,-0.9904,0,0.9911,-0.0046,0.1332,0,0,0.6303,0,1]},
{"frame":4,"values":[-0.0001,-0.9995,-0.0322,0,0.2479,0.0312,-0.9683,0,0.9688,-0.0081,0.2478,0,0,0.6303,0,1]},
{"frame":5,"values":[-0.0004,-0.9995,-0.0305,0,0.3253,0.0287,-0.9452,0,0.9456,-0.0103,0.3252,0,0,0.6303,0,1]},
{"frame":6,"values":[-0.0005,-0.9995,-0.0302,0,0.3729,0.0278,-0.9275,0,0.9279,-0.0117,0.3727,0,0,0.6303,0,1]},
{"frame":7,"values":[-0.0006,-0.9996,-0.0299,0,0.41,0.0271,-0.9117,0,0.9121,-0.0128,0.4098,0,0,0.6303,0,1]},
{"frame":8,"values":[-0.0007,-0.9996,-0.0298,0,0.4337,0.0266,-0.9007,0,0.9011,-0.0135,0.4334,0,0,0.6303,0,1]},
{"frame":9,"values":[-0.0007,-0.9996,-0.0298,0,0.4448,0.0263,-0.8953,0,0.8957,-0.0139,0.4445,0,0,0.6303,0,1]},
{"frame":10,"values":[-0.0007,-0.9996,-0.0297,0,0.4475,0.0263,-0.8939,0,0.8943,-0.0139,0.4473,0,0,0.6303,0,1]},
{"frame":20,"values":[-0.0007,-0.9996,-0.0297,0,0.4475,0.0263,-0.8939,0,0.8943,-0.0139,0.4473,0,0,0.6303,0,1]}],"loopBehavior":1,"name":"anim","property":"_matrix"}},
{"name":"Bone_L.003","index":16,"matrix":[0.0008,0.0058,-1,0,0.0089,0.9999,0.0058,0,1,-0.0089,0.0008,0,0,0.4985,0,1],"rest":[0,0,-1,0,0.0159,0.9999,0,0,0.9999,-0.0159,0,0,0,0.4985,0,1],"parentBoneIndex":15,"length":0.5511
,"animation":{"dataType":3,"framePerSecond":24,"keys":[
{"frame":1,"values":[0,0,-1,0,0.0159,0.9999,0,0,0.9999,-0.0159,0,0,0,0.4985,0,1]},
{"frame":2,"values":[0.0002,0.0016,-1,0,0.014,0.9999,0.0016,0,0.9999,-0.014,0.0002,0,0,0.4985,0,1]},
{"frame":3,"values":[0.0008,0.0058,-1,0,0.0089,0.9999,0.0058,0,1,-0.0089,0.0008,0,0,0.4985,0,1]},
{"frame":4,"values":[0.0014,0.01,-0.9999,0,0.0037,0.9999,0.01,0,1,-0.0037,0.0014,0,0,0.4985,0,1]},
{"frame":5,"values":[0.0016,0.0116,-0.9999,0,0.0014,0.9999,0.0116,0,1,-0.0014,0.0016,0,0,0.4985,0,1]},
{"frame":6,"values":[0.0016,0.0116,-0.9999,0,0.001,0.9999,0.0116,0,1,-0.001,0.0016,0,0,0.4985,0,1]},
{"frame":7,"values":[0.0016,0.0116,-0.9999,0,0.0008,0.9999,0.0116,0,1,-0.0008,0.0016,0,0,0.4985,0,1]},
{"frame":8,"values":[0.0016,0.0114,-0.9999,0,0.0008,0.9999,0.0114,0,1,-0.0008,0.0016,0,0,0.4985,0,1]},
{"frame":9,"values":[0.0016,0.0112,-0.9999,0,0.0007,0.9999,0.0112,0,1,-0.0007,0.0016,0,0,0.4985,0,1]},
{"frame":10,"values":[0.0016,0.0108,-0.9999,0,0.0003,0.9999,0.0108,0,1,-0.0003,0.0016,0,0,0.4985,0,1]},
{"frame":11,"values":[0.0017,-0.0098,-1,0,-0.0004,1,-0.0098,0,1,0.0004,0.0017,0,0,0.4985,0,1]},
{"frame":12,"values":[0.0018,-0.0672,-0.9977,0,-0.0014,0.9977,-0.0672,0,1,0.0015,0.0017,0,0,0.4985,0,1]},
{"frame":13,"values":[0.0021,-0.1404,-0.9901,0,-0.0024,0.9901,-0.1404,0,1,0.0027,0.0017,0,0,0.4985,0,1]},
{"frame":14,"values":[0.0023,-0.1968,-0.9804,0,-0.0031,0.9804,-0.1968,0,1,0.0035,0.0017,0,0,0.4985,0,1]},
{"frame":15,"values":[0.0024,-0.2166,-0.9763,0,-0.0033,0.9763,-0.2166,0,1,0.0038,0.0016,0,0,0.4985,0,1]},
{"frame":20,"values":[0.0024,-0.2166,-0.9763,0,-0.0033,0.9763,-0.2166,0,1,0.0038,0.0016,0,0,0.4985,0,1]}],"loopBehavior":1,"name":"anim","property":"_matrix"}},
{"name":"Bone_L.004","index":17,"matrix":[1,-0.0009,0,0,0.0009,1,0.0025,0,0,-0.0025,1,0,0,0.5511,0,1],"rest":[1,0,0,0,0,1,0.005,0,0,-0.005,1,0,0,0.5511,0,1],"parentBoneIndex":16,"length":0.4199
,"animation":{"dataType":3,"framePerSecond":24,"keys":[
{"frame":1,"values":[1,0,0,0,0,1,0.005,0,0,-0.005,1,0,0,0.5511,0,1]},
{"frame":2,"values":[1,-0.0001,0,0,0.0001,1,0.0043,0,0,-0.0043,1,0,0,0.5511,0,1]},
{"frame":3,"values":[1,-0.0009,0,0,0.0009,1,0.0025,0,0,-0.0025,1,0,0,0.5511,0,1]},
{"frame":4,"values":[1,-0.0031,0.0001,0,0.0031,1,0.0004,0,-0.0001,-0.0004,1,0,0,0.5511,0,1]},
{"frame":5,"values":[1,-0.0068,0.0002,0,0.0068,1,-0.0009,0,-0.0002,0.0009,1,0,0,0.5511,0,1]},
{"frame":6,"values":[0.9992,-0.0403,0.0007,0,0.0403,0.9992,-0.0014,0,-0.0006,0.0015,1,0,0,0.5511,0,1]},
{"frame":7,"values":[0.992,-0.1262,0.0017,0,0.1262,0.992,-0.0016,0,-0.0015,0.0018,1,0,0,0.5511,0,1]},
{"frame":8,"values":[0.9724,-0.2332,0.003,0,0.2332,0.9724,-0.0014,0,-0.0026,0.002,1,0,0,0.5511,0,1]},
{"frame":9,"values":[0.9494,-0.314,0.0039,0,0.314,0.9494,-0.0013,0,-0.0033,0.0025,1,0,0,0.5511,0,1]},
{"frame":10,"values":[0.9397,-0.3419,0.0044,0,0.3419,0.9397,-0.0018,0,-0.0035,0.0031,1,0,0,0.5511,0,1]},
{"frame":11,"values":[0.9423,-0.3348,0.0045,0,0.3348,0.9423,-0.0033,0,-0.0031,0.0046,1,0,0,0.5511,0,1]},
{"frame":12,"values":[0.9493,-0.3144,0.0045,0,0.3145,0.9492,-0.0061,0,-0.0024,0.0072,1,0,0,0.5511,0,1]},
{"frame":13,"values":[0.9576,-0.2882,0.0044,0,0.2882,0.9575,-0.0094,0,-0.0015,0.0102,0.9999,0,0,0.5511,0,1]},
{"frame":14,"values":[0.9635,-0.2675,0.0043,0,0.2676,0.9635,-0.0118,0,-0.001,0.0125,0.9999,0,0,0.5511,0,1]},
{"frame":15,"values":[0.9656,-0.2602,0.0042,0,0.2602,0.9655,-0.0126,0,-0.0008,0.0133,0.9999,0,0,0.5511,0,1]},
{"frame":20,"values":[0.9656,-0.2602,0.0042,0,0.2602,0.9655,-0.0126,0,-0.0008,0.0133,0.9999,0,0,0.5511,0,1]}],"loopBehavior":1,"name":"anim","property":"_matrix"}},
{"name":"Bone_R","index":18,"matrix":[1,0,0,0,0,-1,0,0,0,0,-1,0,0,0,0,1],"rest":[1,0,0,0,0,-1,0,0,0,0,-1,0,0,0,0,1],"parentBoneIndex":0,"length":0.3498
,"animation":{"dataType":3,"framePerSecond":24,"keys":[
{"frame":1,"values":[1,0,0,0,0,-1,0,0,0,0,-1,0,0,0,0,1]},
{"frame":20,"values":[1,0,0,0,0,-1,0,0,0,0,-1,0,0,0,0,1]}],"loopBehavior":1,"name":"anim","property":"_matrix"}},
{"name":"Bone_R.001","index":19,"matrix":[0,0,-1,0,0.9991,0.0416,0,0,0.0416,-0.9991,0,0,0,0.3498,0,1],"rest":[0,0,-1,0,0.9991,0.0416,0,0,0.0416,-0.9991,0,0,0,0.3498,0,1],"parentBoneIndex":18,"length":0.6303
,"animation":{"dataType":3,"framePerSecond":24,"keys":[
{"frame":1,"values":[0,0,-1,0,0.9991,0.0416,0,0,0.0416,-0.9991,0,0,0,0.3498,0,1]},
{"frame":20,"values":[0,0,-1,0,0.9991,0.0416,0,0,0.0416,-0.9991,0,0,0,0.3498,0,1]}],"loopBehavior":1,"name":"anim","property":"_matrix"}},
{"name":"Bone_R.002","index":20,"matrix":[0,0.9991,0.0416,0,0,0.0416,-0.9991,0,-1,0,0,0,0,0.6303,0,1],"rest":[0,0.9991,0.0416,0,0,0.0416,-0.9991,0,-1,0,0,0,0,0.6303,0,1],"parentBoneIndex":19,"length":0.4985
,"animation":{"dataType":3,"framePerSecond":24,"keys":[
{"frame":1,"values":[0,0.9991,0.0416,0,0,0.0416,-0.9991,0,-1,0,0,0,0,0.6303,0,1]},
{"frame":20,"values":[0,0.9991,0.0416,0,0,0.0416,-0.9991,0,-1,0,0,0,0,0.6303,0,1]}],"loopBehavior":1,"name":"anim","property":"_matrix"}},
{"name":"Bone_R.003","index":21,"matrix":[0,0,1,0,-0.0159,0.9999,0,0,-0.9999,-0.0159,0,0,0,0.4985,0,1],"rest":[0,0,1,0,-0.0159,0.9999,0,0,-0.9999,-0.0159,0,0,0,0.4985,0,1],"parentBoneIndex":20,"length":0.5511
,"animation":{"dataType":3,"framePerSecond":24,"keys":[
{"frame":1,"values":[0,0,1,0,-0.0159,0.9999,0,0,-0.9999,-0.0159,0,0,0,0.4985,0,1]},
{"frame":16,"values":[-0.0003,0.0214,0.9998,0,-0.013,0.9997,-0.0214,0,-0.9999,-0.013,0,0,0,0.4985,0,1]},
{"frame":17,"values":[-0.0009,0.0818,0.9966,0,-0.005,0.9966,-0.0818,0,-1,-0.0051,-0.0004,0,0,0.4985,0,1]},
{"frame":18,"values":[-0.0008,0.1589,0.9873,0,0.0053,0.9873,-0.1589,0,-1,0.0051,-0.0017,0,0,0.4985,0,1]},
{"frame":19,"values":[-0.0003,0.2183,0.9759,0,0.0133,0.9758,-0.2183,0,-0.9999,0.013,-0.0032,0,0,0.4985,0,1]},
{"frame":20,"values":[0,0.2392,0.971,0,0.0162,0.9709,-0.2391,0,-0.9999,0.0157,-0.0038,0,0,0.4985,0,1]}],"loopBehavior":1,"name":"anim","property":"_matrix"}},
{"name":"Bone_R.004","index":22,"matrix":[1,0,0,0,0,1,0.005,0,0,-0.005,1,0,0,0.5511,0,1],"rest":[1,0,0,0,0,1,0.005,0,0,-0.005,1,0,0,0.5511,0,1],"parentBoneIndex":21,"length":0.4199
,"animation":{"dataType":3,"framePerSecond":24,"keys":[
{"frame":1,"values":[1,0,0,0,0,1,0.005,0,0,-0.005,1,0,0,0.5511,0,1]},
{"frame":16,"values":[0.9998,-0.0188,0.0003,0,0.0188,0.9998,0.0073,0,-0.0004,-0.0073,1,0,0,0.5511,0,1]},
{"frame":17,"values":[0.9974,-0.0718,0.0007,0,0.0718,0.9973,0.014,0,-0.0017,-0.0139,0.9999,0,0,0.5511,0,1]},
{"frame":18,"values":[0.9902,-0.1396,0.0008,0,0.1396,0.99,0.0226,0,-0.004,-0.0223,0.9997,0,0,0.5511,0,1]},
{"frame":19,"values":[0.9814,-0.1919,0.0005,0,0.1918,0.981,0.0293,0,-0.0061,-0.0287,0.9996,0,0,0.5511,0,1]},
{"frame":20,"values":[0.9776,-0.2104,0.0003,0,0.2102,0.9771,0.0317,0,-0.0069,-0.0309,0.9995,0,0,0.5511,0,1]}],"loopBehavior":1,"name":"anim","property":"_matrix"}}]
,"ranges":[{"name":"ArmatureAction.001","from":0,"to":20}]}],
"meshes":[{"name":"head","id":"head","materialId":"combined.lambert0.005","billboardMode":0,"position":[0,-0.0501,-3.0822],"rotation":[1.5708,0,1.5708],"scaling":[0.05,0.05,0.05],"isVisible":true,"freezeWorldMatrix":false,"isEnabled":true,"checkCollisions":false,"receiveShadows":false
,"positions":[-3,65,-8.5692,-3,63,-6.5692,-3,63,-8.5692,-3,65,-8.5692,-3,65,-6.5692,-3,63,-6.5692,-5,79,-4.5692,-5,77,-2.5692,-5,77,-4.5692,-5,79,-4.5692,-5,79,-2.5692,-5,77,-2.5692,-7,77,-6.5692,-7,75,5.4308,-7,75,-6.5692,-7,77,-6.5692,-7,77,11.4308,-7,75,5.4308,-7,67,5.4308,-7,75,5.4308,-7,77,11.4308,-7,63,11.4308,-7,67,5.4308,-7,77,11.4308,-7,63,-6.5692,-7,67,5.4308,-7,63,11.4308,-7,63,-6.5692,-7,67,-6.5692,-7,67,5.4308,-7,73,-6.5692,-7,69,-4.5692,-7,69,-6.5692,-7,73,-6.5692,-7,73,-4.5692,-7,69,-4.5692,-9,75,-6.5692,-9,73,-4.5692,-9,73,-6.5692,-9,75,-6.5692,-9,75,5.4308,-9,73,-4.5692,-9,73,-4.5692,-9,75,5.4308,-9,67,5.4308,-9,69,-4.5692,-9,73,-4.5692,-9,67,5.4308,-9,67,-6.5692,-9,69,-4.5692,-9,67,5.4308,-9,67,-6.5692,-9,69,-6.5692,-9,69,-4.5692,3,65,-8.5692,3,63,-6.5692,3,63,-8.5692,3,65,-8.5692,3,65,-6.5692,3,63,-6.5692,-1,63,-6.5692,-1,65,-8.5692,-1,63,-8.5692,-1,65,-6.5692,-1,65,-8.5692,-1,63,-6.5692,-3,77,-2.5692,-3,79,-4.5692,-3,77,-4.5692,-3,79,-2.5692,-3,79,-4.5692,-3,77,-2.5692,11,73,-4.5692,11,75,-6.5692,11,73,-6.5692,11,75,5.4308,11,75,-6.5692,11,73,-4.5692,11,75,5.4308,11,73,-4.5692,11,67,5.4308,11,73,-4.5692,11,69,-4.5692,11,67,5.4308,11,69,-4.5692,11,67,-6.5692,11,67,5.4308,11,69,-6.5692,11,67,-6.5692,11,69,-4.5692,9,75,5.4308,9,77,-6.5692,9,75,-6.5692,9,77,11.4308,9,77,-6.5692,9,75,5.4308,9,75,5.4308,9,67,5.4308,9,77,11.4308,9,67,5.4308,9,63,11.4308,9,77,11.4308,9,67,5.4308,9,63,-6.5692,9,63,11.4308,9,67,-6.5692,9,63,-6.5692,9,67,5.4308,9,69,-4.5692,9,73,-6.5692,9,69,-6.5692,9,73,-4.5692,9,73,-6.5692,9,69,-4.5692,5,63,-6.5692,5,65,-8.5692,5,63,-8.5692,5,65,-6.5692,5,65,-8.5692,5,63,-6.5692,9,63,-6.5692,5,63,-6.5692,9,63,11.4308,3,63,-6.5692,9,63,11.4308,5,63,-6.5692,5,63,-6.5692,5,63,-8.5692,3,63,-6.5692,3,63,-6.5692,-7,63,11.4308,9,63,11.4308,5,63,-8.5692,3,63,-6.5692,-1,63,-6.5692,-7,63,11.4308,-1,63,-6.5692,-3,63,-6.5692,-7,63,11.4308,-7,63,11.4308,-3,63,-6.5692,-7,63,-6.5692,-1,63,-6.5692,-1,63,-8.5692,-3,63,-6.5692,-1,63,-8.5692,9,73,-4.5692,11,73,-6.5692,9,73,-6.5692,11,73,-4.5692,11,73,-6.5692,9,73,-4.5692,-7,73,-6.5692,-7,73,-4.5692,-7,73,-6.5692,-9,73,-4.5692,9,67,5.4308,11,67,-6.5692,9,67,-6.5692,11,67,5.4308,11,67,-6.5692,9,67,5.4308,-9,67,5.4308,-7,67,-6.5692,-9,67,-6.5692,-7,67,5.4308,-7,67,-6.5692,-9,67,5.4308,3,65,-6.5692,3,65,-8.5692,5,65,-8.5692,3,65,-6.5692,-3,65,-6.5692,-3,65,-8.5692,-1,65,-8.5692,-3,65,-6.5692,9,77,-6.5692,-3,77,-4.5692,-7,77,-6.5692,-3,77,-4.5692,-5,77,-4.5692,-7,77,-6.5692,-3,77,-4.5692,9,77,-6.5692,-3,77,-2.5692,-7,77,-6.5692,-5,77,-4.5692,-5,77,-2.5692,9,77,-6.5692,9,77,11.4308,-3,77,-2.5692,-7,77,-6.5692,-5,77,-2.5692,-7,77,11.4308,-3,77,-2.5692,9,77,11.4308,-7,77,11.4308,-5,77,-2.5692,-3,77,-2.5692,-7,77,11.4308,11,75,-6.5692,9,75,5.4308,9,75,-6.5692,11,75,-6.5692,11,75,5.4308,9,75,5.4308,-7,75,-6.5692,-9,75,5.4308,-9,75,-6.5692,-7,75,-6.5692,-7,75,5.4308,-9,75,5.4308,-5,79,-2.5692,-5,79,-4.5692,-3,79,-4.5692,-5,79,-2.5692,11,69,-6.5692,9,69,-4.5692,9,69,-6.5692,11,69,-6.5692,11,69,-4.5692,9,69,-4.5692,-7,69,-6.5692,-9,69,-4.5692,-9,69,-6.5692,-7,69,-6.5692,-7,69,-4.5692,-9,69,-4.5692,11,69,-4.5692,9,73,-4.5692,9,69,-4.5692,11,69,-4.5692,11,73,-4.5692,9,73,-4.5692,-3,77,-4.5692,-5,79,-4.5692,-3,77,-4.5692,-3,79,-4.5692,-5,79,-4.5692,-7,69,-4.5692,-9,69,-4.5692,-7,69,-4.5692,-7,73,-4.5692,-9,73,-4.5692,11,67,-6.5692,9,69,-6.5692,9,67,-6.5692,5,65,-6.5692,9,67,-6.5692,9,69,-6.5692,11,67,-6.5692,11,69,-6.5692,9,69,-6.5692,5,65,-6.5692,9,69,-6.5692,9,73,-6.5692,9,63,-6.5692,9,67,-6.5692,5,65,-6.5692,-7,73,-6.5692,5,65,-6.5692,9,73,-6.5692,9,63,-6.5692,5,65,-6.5692,5,63,-6.5692,-7,75,-6.5692,-7,73,-6.5692,5,65,-6.5692,-7,73,-6.5692,3,65,-6.5692,-7,73,-6.5692,-7,75,-6.5692,-9,75,-6.5692,9,73,-6.5692,9,75,-6.5692,-7,75,-6.5692,-7,73,-6.5692,-7,69,-6.5692,3,65,-6.5692,-7,73,-6.5692,-9,75,-6.5692,9,75,-6.5692,-7,77,-6.5692,-7,75,-6.5692,11,73,-6.5692,9,75,-6.5692,9,73,-6.5692,-7,69,-6.5692,-1,65,-6.5692,3,65,-6.5692,9,75,-6.5692,9,77,-6.5692,-7,77,-6.5692,11,73,-6.5692,11,75,-6.5692,9,75,-6.5692,3,63,-6.5692,-1,65,-6.5692,-7,69,-6.5692,-3,65,-6.5692,-1,65,-6.5692,3,63,-6.5692,-1,65,-6.5692,-1,63,-6.5692,-7,67,-6.5692,-3,65,-6.5692,-7,69,-6.5692,-7,67,-6.5692,-7,69,-6.5692,-9,69,-6.5692,-7,63,-6.5692,-3,65,-6.5692,-7,67,-6.5692,-7,67,-6.5692,-9,69,-6.5692,-9,67,-6.5692,-7,63,-6.5692,-3,63,-6.5692,-3,65,-6.5692,5,63,-8.5692,3,65,-8.5692,5,63,-8.5692,5,65,-8.5692,3,65,-8.5692,-1,63,-8.5692,-3,65,-8.5692,-1,63,-8.5692,-1,65,-8.5692,-3,65,-8.5692,-5,79,-2.5692,-3,77,-2.5692,-5,77,-2.5692,-3,77,-2.5692,-5,79,-2.5692,-7,77,11.4308,9,63,11.4308,-7,63,11.4308,9,77,11.4308,9,63,11.4308,-7,77,11.4308,9,75,5.4308,11,67,5.4308,9,67,5.4308,11,75,5.4308,11,67,5.4308,9,75,5.4308,-9,75,5.4308,-7,67,5.4308,-9,67,5.4308,-7,75,5.4308,-7,67,5.4308,-9,75,5.4308]
,"normals":[-0.5773,0.5773,-0.5773,-0.3015,-0.9045,-0.3015,-0.5773,-0.5773,-0.5773,-0.5773,0.5773,-0.5773,-0.3015,0.3015,-0.9045,-0.3015,-0.9045,-0.3015,-0.5773,0.5773,-0.5773,-0.3015,0.9045,0.3015,-0.3015,0.9045,-0.3015,-0.5773,0.5773,-0.5773,-0.5773,0.5773,0.5773,-0.3015,0.9045,0.3015,-0.5773,0.5773,-0.5773,-0.9045,0.3015,0.3015,-0.3015,0.3015,-0.9045,-0.5773,0.5773,-0.5773,-0.5773,0.5773,0.5773,-0.9045,0.3015,0.3015,-0.9045,-0.3015,0.3015,-0.9045,0.3015,0.3015,-0.5773,0.5773,0.5773,-0.5773,-0.5773,0.5773,-0.9045,-0.3015,0.3015,-0.5773,0.5773,0.5773,-0.5773,-0.5773,-0.5773,-0.9045,-0.3015,0.3015,-0.5773,-0.5773,0.5773,-0.5773,-0.5773,-0.5773,-0.3015,-0.3015,-0.9045,-0.9045,-0.3015,0.3015,-0.3015,-0.3015,-0.9045,-0.5773,0.5773,-0.5773,-0.3015,0.3015,-0.9045,-0.3015,-0.3015,-0.9045,-0.5773,-0.5773,-0.5773,-0.5773,0.5773,-0.5773,-0.5773,0.5773,-0.5773,-0.9045,-0.3015,-0.3015,-0.5773,-0.5773,-0.5773,-0.5773,0.5773,-0.5773,-0.5773,0.5773,0.5773,-0.9045,-0.3015,-0.3015,-0.9045,-0.3015,-0.3015,-0.5773,0.5773,0.5773,-0.5773,-0.5773,0.5773,-0.9045,0.3015,-0.3015,-0.9045,-0.3015,-0.3015,-0.5773,-0.5773,0.5773,-0.5773,-0.5773,-0.5773,-0.9045,0.3015,-0.3015,-0.5773,-0.5773,0.5773,-0.5773,-0.5773,-0.5773,-0.5773,0.5773,-0.5773,-0.9045,0.3015,-0.3015,-0.5773,0.5773,-0.5773,-0.3015,-0.9045,-0.3015,-0.5773,-0.5773,-0.5773,-0.5773,0.5773,-0.5773,-0.3015,0.3015,-0.9045,-0.3015,-0.9045,-0.3015,0.3015,-0.9045,-0.3015,0.5773,0.5773,-0.5773,0.5773,-0.5773,-0.5773,0.3015,0.3015,-0.9045,0.5773,0.5773,-0.5773,0.3015,-0.9045,-0.3015,0.3015,0.9045,0.3015,0.5773,0.5773,-0.5773,0.3015,0.9045,-0.3015,0.5773,0.5773,0.5773,0.5773,0.5773,-0.5773,0.3015,0.9045,0.3015,0.9045,-0.3015,-0.3015,0.5773,0.5773,-0.5773,0.5773,-0.5773,-0.5773,0.5773,0.5773,0.5773,0.5773,0.5773,-0.5773,0.9045,-0.3015,-0.3015,0.5773,0.5773,0.5773,0.9045,-0.3015,-0.3015,0.5773,-0.5773,0.5773,0.9045,-0.3015,-0.3015,0.9045,0.3015,-0.3015,0.5773,-0.5773,0.5773,0.9045,0.3015,-0.3015,0.5773,-0.5773,-0.5773,0.5773,-0.5773,0.5773,0.5773,0.5773,-0.5773,0.5773,-0.5773,-0.5773,0.9045,0.3015,-0.3015,0.9045,0.3015,0.3015,0.5773,0.5773,-0.5773,0.3015,0.3015,-0.9045,0.5773,0.5773,0.5773,0.5773,0.5773,-0.5773,0.9045,0.3015,0.3015,0.9045,0.3015,0.3015,0.9045,-0.3015,0.3015,0.5773,0.5773,0.5773,0.9045,-0.3015,0.3015,0.5773,-0.5773,0.5773,0.5773,0.5773,0.5773,0.9045,-0.3015,0.3015,0.5773,-0.5773,-0.5773,0.5773,-0.5773,0.5773,0.3015,-0.3015,-0.9045,0.5773,-0.5773,-0.5773,0.9045,-0.3015,0.3015,0.5773,0.5773,-0.5773,0.3015,-0.3015,-0.9045,0.3015,0.3015,-0.9045,0.5773,-0.5773,-0.5773,0.3015,-0.3015,-0.9045,0.5773,0.5773,-0.5773,0.3015,-0.9045,-0.3015,0.5773,0.5773,-0.5773,0.5773,-0.5773,-0.5773,0.3015,0.3015,-0.9045,0.5773,0.5773,-0.5773,0.3015,-0.9045,-0.3015,0.5773,-0.5773,-0.5773,0.3015,-0.9045,-0.3015,0.5773,-0.5773,0.5773,-0.3015,-0.9045,-0.3015,0.5773,-0.5773,0.5773,0.3015,-0.9045,-0.3015,0.3015,-0.9045,-0.3015,0.5773,-0.5773,-0.5773,-0.3015,-0.9045,-0.3015,-0.3015,-0.9045,-0.3015,-0.5773,-0.5773,0.5773,0.5773,-0.5773,0.5773,0.5773,-0.5773,-0.5773,-0.3015,-0.9045,-0.3015,0.3015,-0.9045,-0.3015,-0.5773,-0.5773,0.5773,0.3015,-0.9045,-0.3015,-0.3015,-0.9045,-0.3015,-0.5773,-0.5773,0.5773,-0.5773,-0.5773,0.5773,-0.3015,-0.9045,-0.3015,-0.5773,-0.5773,-0.5773,0.3015,-0.9045,-0.3015,0.5773,-0.5773,-0.5773,-0.3015,-0.9045,-0.3015,0.5773,-0.5773,-0.5773,0.5773,-0.5773,-0.5773,0.5773,-0.5773,-0.5773,0.3015,-0.3015,-0.9045,0.9045,-0.3015,-0.3015,0.5773,-0.5773,-0.5773,0.5773,-0.5773,-0.5773,-0.3015,-0.3015,-0.9045,-0.5773,-0.5773,-0.5773,-0.3015,-0.3015,-0.9045,-0.9045,-0.3015,-0.3015,0.9045,-0.3015,0.3015,0.5773,-0.5773,-0.5773,0.3015,-0.3015,-0.9045,0.5773,-0.5773,0.5773,0.5773,-0.5773,-0.5773,0.9045,-0.3015,0.3015,-0.5773,-0.5773,0.5773,-0.3015,-0.3015,-0.9045,-0.5773,-0.5773,-0.5773,-0.9045,-0.3015,0.3015,-0.3015,-0.3015,-0.9045,-0.5773,-0.5773,0.5773,-0.3015,0.3015,-0.9045,-0.5773,0.5773,-0.5773,0.5773,0.5773,-0.5773,-0.3015,0.3015,-0.9045,-0.3015,0.3015,-0.9045,-0.5773,0.5773,-0.5773,0.5773,0.5773,-0.5773,-0.3015,0.3015,-0.9045,0.5773,0.5773,-0.5773,0.3015,0.9045,-0.3015,-0.5773,0.5773,-0.5773,0.3015,0.9045,-0.3015,-0.3015,0.9045,-0.3015,-0.5773,0.5773,-0.5773,0.3015,0.9045,-0.3015,0.5773,0.5773,-0.5773,0.3015,0.9045,0.3015,-0.5773,0.5773,-0.5773,-0.3015,0.9045,-0.3015,-0.3015,0.9045,0.3015,0.5773,0.5773,-0.5773,0.5773,0.5773,0.5773,0.3015,0.9045,0.3015,-0.5773,0.5773,-0.5773,-0.3015,0.9045,0.3015,-0.5773,0.5773,0.5773,0.3015,0.9045,0.3015,0.5773,0.5773,0.5773,-0.5773,0.5773,0.5773,-0.3015,0.9045,0.3015,0.3015,0.9045,0.3015,-0.5773,0.5773,0.5773,0.5773,0.5773,-0.5773,0.9045,0.3015,0.3015,0.3015,0.3015,-0.9045,0.5773,0.5773,-0.5773,0.5773,0.5773,0.5773,0.9045,0.3015,0.3015,-0.3015,0.3015,-0.9045,-0.5773,0.5773,0.5773,-0.5773,0.5773,-0.5773,-0.3015,0.3015,-0.9045,-0.9045,0.3015,0.3015,-0.5773,0.5773,0.5773,-0.5773,0.5773,0.5773,-0.5773,0.5773,-0.5773,0.5773,0.5773,-0.5773,-0.5773,0.5773,0.5773,0.5773,0.5773,-0.5773,0.5773,0.5773,-0.5773,0.3015,0.3015,-0.9045,0.5773,0.5773,-0.5773,0.9045,0.3015,-0.3015,0.5773,0.5773,-0.5773,-0.3015,0.3015,-0.9045,-0.9045,0.3015,-0.3015,-0.5773,0.5773,-0.5773,-0.3015,0.3015,-0.9045,-0.5773,0.5773,-0.5773,-0.9045,0.3015,-0.3015,0.9045,0.3015,-0.3015,0.5773,-0.5773,-0.5773,0.5773,0.5773,-0.5773,0.9045,0.3015,-0.3015,0.9045,-0.3015,-0.3015,0.5773,-0.5773,-0.5773,0.3015,0.9045,-0.3015,-0.5773,0.5773,-0.5773,0.3015,0.9045,-0.3015,0.5773,0.5773,-0.5773,-0.5773,0.5773,-0.5773,-0.5773,0.5773,-0.5773,-0.9045,0.3015,-0.3015,-0.5773,0.5773,-0.5773,-0.5773,-0.5773,-0.5773,-0.9045,-0.3015,-0.3015,0.5773,-0.5773,-0.5773,0.3015,0.3015,-0.9045,0.3015,-0.3015,-0.9045,0.3015,0.3015,-0.9045,0.3015,-0.3015,-0.9045,0.3015,0.3015,-0.9045,0.5773,-0.5773,-0.5773,0.5773,0.5773,-0.5773,0.3015,0.3015,-0.9045,0.3015,0.3015,-0.9045,0.3015,0.3015,-0.9045,0.3015,-0.3015,-0.9045,0.5773,-0.5773,-0.5773,0.3015,-0.3015,-0.9045,0.3015,0.3015,-0.9045,-0.3015,-0.3015,-0.9045,0.3015,0.3015,-0.9045,0.3015,-0.3015,-0.9045,0.5773,-0.5773,-0.5773,0.3015,0.3015,-0.9045,0.3015,-0.9045,-0.3015,-0.3015,0.3015,-0.9045,-0.3015,-0.3015,-0.9045,0.3015,0.3015,-0.9045,-0.3015,-0.3015,-0.9045,-0.3015,0.3015,-0.9045,-0.3015,-0.3015,-0.9045,-0.3015,0.3015,-0.9045,-0.5773,0.5773,-0.5773,0.3015,-0.3015,-0.9045,0.3015,0.3015,-0.9045,-0.3015,0.3015,-0.9045,-0.3015,-0.3015,-0.9045,-0.3015,0.3015,-0.9045,-0.3015,0.3015,-0.9045,-0.3015,-0.3015,-0.9045,-0.5773,0.5773,-0.5773,0.3015,0.3015,-0.9045,-0.5773,0.5773,-0.5773,-0.3015,0.3015,-0.9045,0.5773,-0.5773,-0.5773,0.3015,0.3015,-0.9045,0.3015,-0.3015,-0.9045,-0.3015,0.3015,-0.9045,0.3015,0.3015,-0.9045,-0.3015,0.3015,-0.9045,0.3015,0.3015,-0.9045,0.5773,0.5773,-0.5773,-0.5773,0.5773,-0.5773,0.5773,-0.5773,-0.5773,0.5773,0.5773,-0.5773,0.3015,0.3015,-0.9045,-0.3015,-0.9045,-0.3015,0.3015,0.3015,-0.9045,-0.3015,0.3015,-0.9045,-0.3015,0.3015,-0.9045,0.3015,0.3015,-0.9045,-0.3015,-0.9045,-0.3015,0.3015,0.3015,-0.9045,0.3015,-0.9045,-0.3015,-0.3015,-0.3015,-0.9045,-0.3015,0.3015,-0.9045,-0.3015,0.3015,-0.9045,-0.3015,-0.3015,-0.9045,-0.3015,0.3015,-0.9045,-0.5773,0.5773,-0.5773,-0.5773,-0.5773,-0.5773,-0.3015,0.3015,-0.9045,-0.3015,-0.3015,-0.9045,-0.3015,-0.3015,-0.9045,-0.5773,0.5773,-0.5773,-0.5773,-0.5773,-0.5773,-0.5773,-0.5773,-0.5773,-0.3015,-0.9045,-0.3015,-0.3015,0.3015,-0.9045,0.5773,-0.5773,-0.5773,-0.5773,0.5773,-0.5773,0.5773,-0.5773,-0.5773,0.5773,0.5773,-0.5773,-0.5773,0.5773,-0.5773,0.5773,-0.5773,-0.5773,-0.5773,0.5773,-0.5773,0.5773,-0.5773,-0.5773,0.5773,0.5773,-0.5773,-0.5773,0.5773,-0.5773,-0.5773,0.5773,0.5773,0.3015,0.9045,0.3015,-0.3015,0.9045,0.3015,0.3015,0.9045,0.3015,-0.5773,0.5773,0.5773,-0.5773,0.5773,0.5773,0.5773,-0.5773,0.5773,-0.5773,-0.5773,0.5773,0.5773,0.5773,0.5773,0.5773,-0.5773,0.5773,-0.5773,0.5773,0.5773,0.9045,0.3015,0.3015,0.5773,-0.5773,0.5773,0.9045,-0.3015,0.3015,0.5773,0.5773,0.5773,0.5773,-0.5773,0.5773,0.9045,0.3015,0.3015,-0.5773,0.5773,0.5773,-0.9045,-0.3015,0.3015,-0.5773,-0.5773,0.5773,-0.9045,0.3015,0.3015,-0.9045,-0.3015,0.3015,-0.5773,0.5773,0.5773]
,"uvs":[0.3001,0.4286,0.3999,0.4999,0.3999,0.4286,0.3001,0.4287,0.3001,0.4999,0.3999,0.4999,0.7001,0.5001,0.7999,0.5713,0.7999,0.5001,0.7001,0.5001,0.7001,0.5714,0.7999,0.5714,0.7001,0.5001,0.7999,0.5713,0.7999,0.5001,0.7001,0.5001,0.7001,0.5714,0.7999,0.5476,0.7998,0.5001,0.7201,0.5001,0.7001,0.5713,0.4601,0.5,0.5,0.4287,0.5999,0.5,0.3999,0.4286,0.3001,0.4762,0.3999,0.4999,0.3999,0.4286,0.3001,0.4286,0.3001,0.4999,0.7001,0.5001,0.7999,0.5713,0.7999,0.5001,0.7001,0.5001,0.7001,0.5714,0.7999,0.5714,0.3001,0.4286,0.3999,0.4999,0.3999,0.4286,0.4001,0.5,0.5999,0.5,0.4334,0.4286,0.4335,0.4821,0.5999,0.4999,0.5999,0.4286,0.4334,0.4524,0.4334,0.4999,0.5998,0.4286,0.4001,0.4286,0.4334,0.4999,0.5999,0.4286,0.3999,0.4286,0.3001,0.4286,0.3001,0.4999,0.3001,0.4286,0.3999,0.4999,0.3999,0.4286,0.3001,0.4287,0.3001,0.4999,0.3999,0.4999,0.3999,0.4999,0.3001,0.4286,0.3999,0.4286,0.3001,0.4999,0.3001,0.4287,0.3999,0.4999,0.7999,0.5713,0.7001,0.5001,0.7999,0.5001,0.7001,0.5714,0.7001,0.5001,0.7999,0.5714,0.3999,0.4999,0.3001,0.4286,0.3999,0.4286,0.5999,0.5,0.4001,0.5,0.4334,0.4286,0.5999,0.4999,0.4335,0.4821,0.5999,0.4286,0.4334,0.4999,0.4334,0.4524,0.5998,0.4286,0.4334,0.4999,0.4001,0.4286,0.5999,0.4286,0.3001,0.4286,0.3999,0.4286,0.3001,0.4999,0.3999,0.7143,0.2501,0.7856,0.2501,0.7143,0.3999,0.7857,0.2715,0.7857,0.3571,0.7144,0.7201,0.5001,0.7998,0.5001,0.7001,0.5713,0.5,0.4287,0.4601,0.5,0.5999,0.5,0.3001,0.4762,0.3999,0.4286,0.3999,0.4999,0.3001,0.4286,0.3999,0.4286,0.3001,0.4999,0.7999,0.5713,0.7001,0.5001,0.7999,0.5001,0.7001,0.5714,0.7001,0.5001,0.7999,0.5714,0.3999,0.4999,0.3001,0.4286,0.3999,0.4286,0.3001,0.4999,0.3001,0.4287,0.3999,0.4999,0.3001,0.4286,0.3999,0.4286,0.3001,0.4999,0.3999,0.4286,0.3002,0.4999,0.3666,0.4286,0.3001,0.4999,0.3001,0.4287,0.3999,0.4999,0.2999,0.4048,0.1876,0.3453,0.1876,0.4404,0.3001,0.4286,0.3001,0.4286,0.34,0.4286,0.3998,0.4999,0.3001,0.4286,0.3334,0.4286,0.3998,0.4999,0.3999,0.4999,0.3001,0.4286,0.3999,0.4286,0.3001,0.4999,0.3001,0.4287,0.3999,0.4999,0.3001,0.4286,0.3999,0.4999,0.3001,0.4286,0.3999,0.4286,0.3001,0.4999,0.3001,0.4287,0.3999,0.4999,0.3001,0.4286,0.3001,0.4999,0.3001,0.4287,0.3999,0.4999,0.5998,0.4286,0.4001,0.4999,0.4001,0.4286,0.5999,0.5,0.4002,0.5,0.5999,0.4287,0.5998,0.4286,0.4001,0.4999,0.4001,0.4286,0.5999,0.5,0.4002,0.5,0.5999,0.4287,0.3999,0.4999,0.3999,0.4286,0.3001,0.4287,0.3999,0.4999,0.3999,0.4999,0.3999,0.4286,0.3001,0.4287,0.3999,0.4999,0.2668,0.7143,0.3666,0.7856,0.3999,0.7143,0.7002,0.5714,0.75,0.5714,0.7998,0.5001,0.3999,0.75,0.2502,0.7144,0.3999,0.7856,0.7998,0.5001,0.7001,0.5357,0.7001,0.5713,0.2501,0.8368,0.2501,0.9285,0.3999,0.8572,0.7999,0.5001,0.7001,0.5159,0.7999,0.5713,0.775,0.5001,0.7001,0.5714,0.7999,0.5714,0.75,0.5001,0.7002,0.5001,0.7998,0.5713,0.4001,0.4999,0.5998,0.4286,0.4001,0.4286,0.4002,0.5,0.5999,0.5,0.5999,0.4287,0.4001,0.4999,0.5998,0.4286,0.4001,0.4286,0.4002,0.5,0.5999,0.5,0.5999,0.4287,0.7999,0.5713,0.7999,0.5001,0.7001,0.5001,0.7999,0.5714,0.3001,0.4286,0.3999,0.4999,0.3999,0.4286,0.3001,0.4287,0.3001,0.4999,0.3999,0.4999,0.3001,0.4286,0.3999,0.4999,0.3999,0.4286,0.3001,0.4287,0.3001,0.4999,0.3999,0.4999,0.3001,0.4286,0.3999,0.4999,0.3999,0.4286,0.3001,0.4287,0.3001,0.4999,0.3999,0.4999,0.7001,0.5001,0.7999,0.5713,0.7001,0.5001,0.7001,0.5714,0.7999,0.5714,0.3001,0.4286,0.3999,0.4286,0.3001,0.4287,0.3001,0.4999,0.3999,0.4999,0.3001,0.4286,0.3999,0.4999,0.3999,0.4286,0.3998,0.4287,0.3001,0.4643,0.3001,0.4999,0.3001,0.4287,0.3001,0.4999,0.3999,0.4999,0.4002,0.4287,0.5,0.4999,0.5998,0.4999,0.3001,0.4286,0.3001,0.4999,0.3999,0.4643,0.5999,0.4286,0.4002,0.4821,0.5999,0.5,0.3001,0.4286,0.3999,0.4999,0.3999,0.4286,0.7999,0.5713,0.7999,0.5001,0.4001,0.4999,0.5998,0.4287,0.4001,0.4881,0.3001,0.4287,0.3001,0.4999,0.3999,0.4999,0.7001,0.5001,0.7001,0.5714,0.7999,0.5714,0.5998,0.4286,0.5,0.4286,0.4002,0.4999,0.3001,0.4286,0.3999,0.4999,0.2668,0.7143,0.3999,0.7856,0.3999,0.7143,0.3001,0.4286,0.3999,0.4999,0.3999,0.4286,0.3998,0.4999,0.34,0.4286,0.3001,0.4286,0.2667,0.7144,0.2667,0.7857,0.3999,0.7857,0.3001,0.4287,0.3001,0.4999,0.3999,0.4999,0.3001,0.4287,0.3999,0.4999,0.3998,0.4999,0.3334,0.4286,0.3001,0.4286,0.3001,0.4286,0.3999,0.4999,0.3999,0.4286,0.3999,0.4643,0.3002,0.4287,0.3999,0.4999,0.3001,0.4287,0.3001,0.4999,0.3999,0.4999,0.3999,0.4286,0.3001,0.4643,0.3999,0.4999,0.3001,0.4286,0.3999,0.4999,0.3999,0.4286,0.3999,0.4286,0.3001,0.4286,0.3001,0.4999,0.3001,0.4286,0.3999,0.4999,0.3001,0.4287,0.3001,0.4999,0.3999,0.4999,0.3001,0.4286,0.3999,0.4999,0.3001,0.4287,0.3001,0.4999,0.3999,0.4999,0.7999,0.5713,0.7001,0.5001,0.7999,0.5001,0.7001,0.5001,0.7999,0.5714,0.8499,0.5713,0.4501,0.0715,0.8499,0.0715,0.4501,0.9285,0.4501,0.4287,0.8499,0.9285,0.7999,0.5713,0.7001,0.5001,0.7999,0.5001,0.7001,0.5714,0.7001,0.5001,0.7999,0.5714,0.7999,0.5713,0.7001,0.5001,0.7999,0.5001,0.7001,0.5714,0.7001,0.5001,0.7999,0.5714]
,"indices":[0,1,2,3,4,5,6,7,8,9,10,11,12,13,14,15,16,17,18,19,20,21,22,23,24,25,26,27,28,29,30,31,32,33,34,35,36,37,38,39,40,41,42,43,44,45,46,47,48,49,50,51,52,53,54,55,56,57,58,59,60,61,62,63,64,65,66,67,68,69,70,71,72,73,74,75,76,77,78,79,80,81,82,83,84,85,86,87,88,89,90,91,92,93,94,95,96,97,98,99,100,101,102,103,104,105,106,107,108,109,110,111,112,113,114,115,116,117,118,119,120,121,122,123,124,125,126,127,128,129,130,131,55,132,56,133,134,135,136,137,138,139,140,141,142,143,144,1,145,2,146,147,148,149,150,151,37,152,38,153,154,155,156,157,158,159,160,161,162,163,164,165,166,167,115,168,169,170,117,171,61,172,173,174,63,175,176,177,178,179,180,181,182,183,184,185,186,187,188,189,190,191,192,193,194,195,196,197,198,199,200,201,202,203,204,205,206,207,208,209,210,211,67,212,213,214,69,215,216,217,218,219,220,221,222,223,224,225,226,227,228,229,230,231,232,233,234,235,8,236,237,238,239,37,240,241,242,243,244,245,246,247,248,249,250,251,252,253,254,255,256,257,258,259,260,261,262,263,264,109,265,266,267,268,269,270,271,272,273,274,275,276,277,278,279,280,38,281,282,283,284,285,286,287,288,289,290,291,292,293,294,295,296,58,297,298,299,300,301,302,303,304,305,306,307,308,309,310,311,312,313,314,315,316,317,318,319,320,56,321,322,323,324,325,2,326,327,328,329,330,331,69,332,333,334,335,336,337,338,339,340,341,342,343,344,345,346,347,348,349,350,351]
,"subMeshes":[{"materialIndex":0,"verticesStart":0,"verticesCount":352,"indexStart":0,"indexCount":372}]
,"instances":[]}
,{"name":"hand.L","id":"hand.L","materialId":"combined.lambert0.012","billboardMode":0,"position":[0,-1.2037,0.5554],"rotation":[-0.0001,1.5707,-1.55],"scaling":[0.05,0.05,0.05],"isVisible":true,"freezeWorldMatrix":false,"isEnabled":true,"checkCollisions":false,"receiveShadows":false
